 73 2022
 1212 2017
 3 2013
 67 2013
 393 2014
 2 2020
 393 2011
 11 2019
 1079 2019
 84 2013
 54 2018
 52 2011
 35 2012
 1314 2020
 26 2013
 61 2023
 101 2016
 13 2009
 80 2010
 41 2012
 15 2016
 40 2008
 85 2023
 49 2016
 31 2023
 44 2016
 6 2021
 73 2019
 28 2010
 61 2012
 18 2020
 80 2013
 40 2021
 13 2023
 19 2021
 15 2020
 90 2013
 67 2023
 1083 2012
 1353 2018
 61 2017
 61 2011
 83 2011
 18 2012
 5 2016
 4 2023
 28 2016
 1212 2013
 1424 2021
 19 2009
 41 2020
 1083 2008
 52 2017
 513 2008
 174 2011
 107 2017
 8 2015
 36 2018
 84 2022
 22 2015
 101 2010
 104 2009
 35 2017
 39 2011
 107 2022
 28 2022
 1079 2021
 25 2012
 35 2021
 8 2022
 52 2013
 4 2009
 19 2013
 93 2009
 23 2018
 5 2019
 26 2015
 93 2013
 95 2013
 54 2009
 2 2017
 40 2012
 19 2018
 17 2023
 31 2019
 85 2015
 37 2014
 104 2021
 32 2010
 85 2008
 44 2015
 20 2009
 24 2011
 14 2008
 25 2016
 1079 2022
 46 2011
 9 2017
 8 2017
 57 2018
 40 2009
 2 2022
 101 2011
 394 2009
 85 2021
 9 2019
 13 2015
 393 2008
 95 2012
 44 2011
 84 2023
 40 2023
 394 2013
 1424 2010
 22 2009
 52 2018
 4 2021
 28 2023
 15 2018
 90 2011
 16 2011
 107 2015
 37 2015
 394 2016
 18 2021
 57 2014
 19 2020
 40 2016
 40 2020
 104 2015
 84 2016
 83 2008
 25 2014
 67 2018
 35 2022
 15 2022
 87 2012
 174 2015
 4 2017
 73 2016
 85 2010
 54 2008
 54 2017
 17 2016
 57 2023
 3 2020
 8 2013
 20 2016
 93 2018
 19 2010
 174 2014
 38 2014
 47 2015
 1353 2012
 26 2020
 15 2023
 52 2016
 5 2017
 393 2023
 1314 2019
 41 2023
 107 2023
 35 2009
 6 2013
 46 2022
 54 2023
 1314 2018
 57 2012
 101 2023
 14 2021
 23 2014
 3 2021
 31 2013
 27 2008
 3 2010
 83 2015
 11 2010
 1314 2013
 61 2010
 5 2022
 80 2014
 10 2021
 41 2013
 36 2017
 513 2020
 40 2015
 23 2016
 52 2021
 17 2013
 21 2017
 18 2011
 1353 2008
 47 2022
 1424 2020
 19 2015
 41 2014
 16 2016
 26 2010
 10 2018
 394 2008
 25 2023
 85 2017
 9 2021
 30 2013
 30 2017
 174 2018
 394 2015
 9 2010
 90 2010
 1314 2023
 4 2013
 16 2012
 85 2016
 84 2018
 513 2021
 1424 2012
 26 2018
 85 2012
 1212 2014
 83 2018
 1314 2010
 2 2013
 107 2009
 39 2017
 8 2010
 40 2013
 1314 2008
 52 2015
 95 2011
 40 2018
 5 2023
 16 2015
 36 2010
 37 2017
 35 2016
 73 2014
 18 2010
 393 2022
 80 2008
 11 2012
 16 2019
 1212 2022
 1083 2010
 12 2016
 83 2022
 73 2008
 394 2017
 37 2012
 21 2009
 5 2014
 38 2019
 27 2010
 23 2015
 1314 2012
 12 2019
 393 2015
 36 2008
 25 2008
 1083 2011
 35 2019
 95 2022
 7 2022
 14 2016
 19 2012
 31 2010
 83 2017
 22 2010
 54 2013
 49 2023
 24 2023
 1314 2015
 11 2009
 83 2016
 3 2016
 73 2020
 11 2015
 16 2013
 17 2009
 52 2019
 47 2013
 18 2019
 14 2018
 24 2018
 23 2012
 32 2023
 46 2017
 34 2016
 6 2022
 101 2014
 9 2009
 1083 2016
 23 2011
 17 2020
 393 2019
 30 2009
 39 2018
 513 2023
 28 2009
 41 2019
 31 2018
 38 2015
 10 2012
 12 2023
 12 2021
 30 2012
 36 2011
 513 2017
 13 2022
 80 2016
 95 2009
 107 2021
 1314 2011
 4 2019
 1083 2009
 16 2017
 49 2011
 73 2018
 21 2018
 104 2011
 31 2008
 20 2014
 101 2017
 93 2008
 7 2008
 67 2017
 22 2018
 7 2013
 85 2013
 393 2012
 7 2023
 104 2016
 27 2021
 513 2016
 49 2013
 54 2020
 20 2022
 37 2016
 57 2020
 11 2014
 38 2013
 31 2021
 107 2018
 30 2011
 12 2015
 394 2019
 40 2011
 1424 2014
 394 2012
 40 2017
 21 2008
 23 2019
 6 2015
 1079 2023
 93 2010
 9 2022
 80 2012
 18 2016
 4 2016
 19 2022
 49 2012
 7 2012
 52 2020
 49 2008
 6 2011
 1314 2022
 14 2017
 6 2008
 61 2018
 25 2013
 90 2022
 25 2010
 27 2020
 85 2018
 107 2013
 46 2021
 19 2016
 38 2023
 39 2023
 54 2022
 10 2017
 32 2015
 34 2017
 31 2017
 85 2019
 101 2018
 93 2023
 19 2008
 1353 2009
 15 2017
 83 2014
 84 2020
 393 2010
 17 2011
 1212 2011
 21 2020
 83 2019
 24 2009
 46 2019
 39 2012
 104 2013
 95 2010
 174 2022
 12 2018
 7 2015
 20 2008
 11 2016
 49 2017
 27 2018
 2 2019
 1212 2021
 34 2023
 52 2008
 17 2014
 18 2023
 10 2008
 87 2011
 24 2022
 38 2008
 104 2014
 30 2008
 1353 2017
 12 2017
 11 2023
 393 2017
 39 2021
 107 2016
 1353 2015
 7 2009
 36 2022
 30 2014
 24 2021
 24 2008
 101 2013
 1424 2015
 23 2021
 46 2010
 28 2017
 35 2020
 47 2020
 7 2016
 1314 2017
 87 2015
 87 2020
 8 2009
 73 2023
 11 2017
 20 2010
 39 2010
 1079 2013
 6 2009
 37 2021
 41 2021
 9 2020
 8 2018
 14 2014
 1353 2010
 30 2020
 61 2021
 101 2015
 90 2016
 57 2019
 26 2009
 13 2017
 11 2021
 90 2017
 15 2014
 1212 2010
 67 2010
 93 2016
 20 2023
 9 2008
 20 2011
 12 2020
 513 2022
 4 2011
 20 2015
 44 2018
 87 2018
 9 2013
 394 2021
 22 2019
 28 2019
 36 2016
 54 2016
 47 2012
 394 2014
 20 2020
 15 2009
 47 2016
 41 2017
 6 2012
 2 2023
 44 2019
 52 2014
 30 2016
 4 2020
 22 2021
 27 2015
 3 2011
 11 2018
 6 2010
 12 2022
 34 2014
 87 2014
 1083 2023
 36 2012
 15 2011
 27 2016
 26 2014
 80 2023
 80 2021
 1212 2015
 87 2008
 6 2014
 4 2014
 41 2015
 174 2023
 1079 2014
 13 2011
 1212 2008
 34 2020
 40 2019
 25 2021
 107 2008
 34 2013
 47 2008
 35 2018
 34 2021
 84 2015
 393 2009
 80 2022
 57 2015
 12 2013
 12 2009
 2 2008
 16 2022
 14 2020
 95 2023
 83 2021
 57 2010
 61 2020
 1083 2021
 54 2014
 46 2009
 1212 2009
 93 2011
 46 2013
 104 2023
 35 2011
 49 2014
 30 2023
 37 2022
 38 2010
 5 2010
 87 2023
 49 2015
 38 2018
 1083 2020
 93 2012
 21 2012
 12 2010
 2 2011
 90 2014
 28 2013
 174 2020
 31 2020
 95 2014
 83 2012
 39 2009
 13 2016
 95 2021
 23 2010
 57 2009
 44 2008
 84 2019
 30 2018
 24 2012
 27 2013
 101 2012
 27 2019
 28 2011
 67 2011
 101 2008
 31 2011
 1083 2022
 44 2010
 36 2013
 18 2014
 54 2012
 16 2018
 104 2022
 13 2019
 25 2019
 7 2014
 10 2011
 7 2018
 18 2017
 32 2008
 1353 2022
 46 2016
 44 2023
 174 2013
 28 2021
 37 2023
 27 2009
 90 2021
 85 2022
 24 2014
 9 2011
 19 2011
 36 2021
 84 2008
 47 2014
 93 2021
 36 2015
 32 2017
 84 2014
 93 2019
 49 2020
 57 2013
 61 2022
 46 2018
 174 2008
 14 2019
 107 2019
 47 2019
 35 2023
 7 2010
 14 2013
 1314 2014
 101 2019
 46 2020
 16 2020
 36 2023
 7 2011
 28 2014
 5 2009
 30 2015
 36 2019
 12 2008
 23 2023
 39 2014
 9 2016
 57 2021
 1079 2018
 41 2008
 44 2012
 28 2015
 32 2016
 47 2017
 107 2012
 95 2019
 20 2017
 1424 2022
 41 2010
 26 2008
 23 2017
 34 2012
 394 2010
 61 2019
 73 2021
 16 2014
 8 2012
 80 2017
 18 2008
 11 2022
 49 2019
 93 2020
 5 2018
 57 2022
 6 2023
 8 2008
 54 2011
 174 2016
 22 2008
 61 2014
 67 2020
 1314 2021
 67 2008
 31 2014
 39 2016
 10 2009
 32 2009
 22 2011
 19 2023
 17 2015
 21 2019
 104 2018
 5 2015
 1424 2009
 1353 2013
 1424 2019
 16 2023
 1079 2010
 57 2017
 4 2012
 1353 2019
 39 2022
 393 2016
 13 2012
 8 2011
 25 2020
 22 2020
 1083 2015
 16 2010
 46 2014
 513 2009
 8 2014
 17 2012
 1079 2012
 11 2020
 39 2008
 32 2021
 85 2020
 1353 2014
 1424 2018
 21 2016
 18 2022
 23 2013
 1079 2017
 47 2018
 23 2009
 10 2022
 25 2011
 27 2022
 49 2021
 11 2013
 1079 2011
 34 2018
 24 2013
 174 2019
 26 2019
 21 2010
 2 2016
 16 2021
 35 2014
 21 2021
 1079 2008
 52 2022
 104 2020
 54 2019
 26 2012
 1083 2017
 17 2017
 90 2015
 394 2022
 19 2019
 1083 2014
 8 2019
 15 2008
 513 2018
 1212 2020
 5 2013
 35 2010
 3 2012
 26 2022
 21 2014
 6 2019
 47 2009
 13 2013
 10 2013
 8 2021
 31 2022
 15 2012
 1353 2023
 49 2022
 84 2009
 15 2010
 39 2015
 40 2010
 27 2012
 394 2020
 49 2009
 24 2010
 95 2015
 17 2008
 26 2023
 513 2011
 46 2012
 34 2019
 84 2017
 4 2008
 25 2009
 40 2014
 1353 2016
 95 2020
 37 2009
 25 2018
 2 2018
 93 2022
 47 2011
 93 2014
 393 2020
 87 2016
 16 2008
 12 2011
 513 2012
 49 2010
 9 2015
 34 2022
 54 2015
 90 2020
 20 2019
 101 2009
 87 2021
 80 2015
 87 2019
 9 2012
 73 2013
 83 2010
 85 2009
 24 2017
 17 2021
 20 2018
 5 2011
 8 2020
 14 2022
 1083 2019
 393 2018
 30 2010
 10 2019
 513 2010
 52 2009
 10 2015
 10 2023
 90 2019
 34 2009
 18 2009
 3 2014
 2 2009
 4 2022
 61 2016
 17 2018
 1424 2023
 87 2009
 35 2013
 49 2018
 44 2014
 83 2020
 18 2018
 27 2014
 17 2022
 22 2016
 83 2013
 15 2021
 22 2014
 9 2023
 101 2022
 67 2015
 17 2010
 1314 2016
 28 2008
 36 2020
 104 2010
 11 2008
 28 2012
 32 2019
 1424 2011
 32 2022
 32 2018
 84 2011
 34 2011
 21 2022
 67 2021
 5 2008
 38 2022
 10 2014
 61 2009
 25 2015
 95 2008
 23 2022
 2 2012
 3 2008
 6 2017
 67 2009
 1424 2016
 37 2010
 174 2010
 4 2018
 6 2016
 17 2019
 85 2011
 3 2015
 73 2012
 1424 2013
 1212 2012
 38 2017
 21 2013
 32 2011
 174 2021
 4 2010
 3 2009
 35 2008
 87 2017
 174 2012
 20 2013
 9 2014
 393 2021
 10 2016
 394 2018
 39 2013
 38 2016
 37 2008
 25 2022
 83 2009
 73 2015
 61 2015
 22 2013
 84 2021
 32 2020
 2 2010
 85 2014
 57 2016
 87 2010
 2 2015
 67 2014
 18 2013
 27 2023
 37 2019
 80 2020
 107 2020
 61 2013
 34 2010
 73 2017
 10 2010
 25 2017
 41 2018
 41 2011
 13 2014
 22 2017
 38 2020
 26 2021
 13 2010
 513 2015
 37 2020
 1079 2016
 37 2013
 57 2008
 393 2013
 18 2015
 1212 2018
 54 2021
 38 2021
 101 2020
 7 2021
 93 2015
 14 2009
 1212 2016
 22 2022
 513 2014
 31 2015
 90 2009
 104 2017
 54 2010
 513 2013
 9 2018
 21 2015
 14 2015
 44 2021
 5 2020
 15 2013
 1353 2021
 3 2018
 15 2019
 1079 2009
 93 2017
 14 2012
 37 2011
 38 2011
 52 2012
 13 2008
 104 2019
 104 2012
 44 2009
 11 2011
 31 2009
 1353 2020
 41 2022
 5 2012
 52 2023
 24 2020
 26 2011
 83 2023
 47 2021
 95 2017
 52 2010
 10 2020
 13 2020
 39 2019
 24 2019
 67 2012
 73 2011
 3 2022
 37 2018
 80 2018
 84 2010
 107 2010
 174 2017
 44 2020
 46 2023
 44 2022
 394 2011
 30 2021
 80 2011
 1079 2015
 44 2013
 80 2009
 14 2011
 38 2009
 30 2022
 13 2018
 1083 2013
 95 2018
 46 2015
 46 2008
 107 2014
 22 2012
 90 2018
 90 2012
 41 2016
 26 2017
 47 2023
 36 2014
 1353 2011
 2 2014
 104 2008
 3 2023
 3 2017
 1424 2008
 61 2008
 14 2010
 3 2019
 87 2022
 87 2013
 44 2017
 47 2010
 5 2021
 394 2023
 32 2014
 16 2009
 7 2019
 73 2009
 30 2019
 19 2017
 19 2014
 27 2017
 1083 2018
 34 2008
 67 2019
 1424 2017
 21 2011
 28 2018
 35 2015
 174 2009
 34 2015
 7 2017
 90 2008
 36 2009
 20 2012
 6 2018
 6 2020
 80 2019
 24 2015
 32 2012
 4 2015
 24 2016
 20 2021
 513 2019
 15 2015
 41 2009
 101 2021
 84 2012
 8 2016
 21 2023
 1079 2020
 31 2016
 57 2011
 23 2008
 27 2011
 39 2020
 26 2016
 28 2020
 31 2012
 13 2021
 1212 2019
 90 2023
 73 2010
 32 2013
 1314 2009
 2 2021
 40 2022
 67 2016
 1212 2023
 38 2012
 12 2012
 8 2023
 23 2020
 107 2011
 67 2022
 14 2023
 95 2016
 12 2014
 22 2023
 7 2020
